[1, 5, 9]
[0, 0, 3]
[1, 0, 61]

[1, -5.0, 0]
[0, 0, 1]
[0, 1, 0]

[1, 0, -5.0]
[0, 1, 0]
[0, 0, 1]

[1, 0, 0]
[-1.0, 1, 0]
[0, 0, 1]

[1, 0, 0]
[0, 0.017857142857142856, 0]
[0, 0, 1]

[1, 0, 0]
[0, 1, 5.0]
[0, 0, 1]

[1, 0, 0]
[0, 1, 0]
[3.0, 0, 1]

[1, 0, 0]
[0, 1, 0]
[0, -0.05357142857142857, 1]

[1, 0, 0]
[0, 1, 0]
[0, 0, 3.7333333333333334]

[-0.5185185185185185, 0, 0]
[0, 1, 0]
[0, 0, 1]

[1, -0.05229591836734694, 0]
[0, 1, 0]
[0, 0, 1]

[1, 0, -1.3333333333333333]
[0, 1, 0]
[0, 0, 1]

[1, 0, 0]
[-28.518518518518515, 1, 0]
[0, 0, 1]

[1, 0, 0]
[0, -2.0349932705248994, 0]
[0, 0, 1]

[1, 0, 0]
[0, 1, 38.02469135802468]
[0, 0, 1]

[1, 0, 0]
[0, 1, 0]
[-1.7188786008230448, 0, 1]

[1, 0, 0]
[0, 1, 0]
[0, -0.041386271870794064, 1]

[1, 0, 0]
[0, 1, 0]
[0, 0, 0.9477040816326535]

[1, 0, 0]
[-42.532578875171474, 1, 0]
[0, 0, 1]

[1, 0, 0]
[0, 0.9999999999999998, 0]
[0, 0, 1]

[1, 0, 0]
[0, 1, 6.7338425085427894e-15]
[0, 0, 1]

[1, 0, 0]
[0, 1, 0]
[-0.0022837646658176863, 0, 1]

[1, 0, 0]
[0, 1, 0]
[0, 0.002283764665817686, 1]

[1, 0, 0]
[7.105427357601002e-15, 1, 0]
[0, 0, 1]

